0.735927,0.788474,0.762382,0.773638,0.760809,0.690594,0.673169,0.624516,0.582689,0.608045,0.595674,0.613949,0.627105,0.661970,0.592901,0.635673,0.605439,0.597602,0.510024,0.569096,0.571141,0.559469,0.543226,0.520544,0.514699,0.519034,0.540265,0.543130,0.531624,0.531424,0.550061,0.542517,0.539179,0.533551,0.532597,0.519439,0.513937,0.486003,0.458776,0.432167
0.717711,0.763736,0.744951,0.758683,0.752976,0.685730,0.668470,0.617912,0.577514,0.602352,0.589845,0.604890,0.620162,0.653133,0.586259,0.629602,0.601811,0.593220,0.504444,0.559441,0.560599,0.549867,0.535365,0.511304,0.505211,0.508325,0.527708,0.530528,0.518976,0.518554,0.539016,0.529954,0.527165,0.521116,0.519042,0.505638,0.498959,0.469807,0.436932,0.405908
0.733414,0.786034,0.770218,0.786405,0.778365,0.709019,0.690808,0.638571,0.595778,0.620579,0.605436,0.622552,0.636184,0.670816,0.601841,0.645324,0.614901,0.606547,0.516979,0.574004,0.576039,0.563803,0.548555,0.523833,0.519106,0.523158,0.543043,0.545465,0.532861,0.533221,0.552766,0.544560,0.540328,0.534314,0.532614,0.518686,0.511577,0.483915,0.454937,0.429379
0.759027,0.815919,0.799523,0.814929,0.800784,0.729518,0.710317,0.657157,0.613614,0.638912,0.625405,0.643081,0.656071,0.689879,0.619814,0.663138,0.632717,0.623253,0.531848,0.589016,0.591153,0.579290,0.562647,0.537544,0.532234,0.535767,0.556888,0.559668,0.546866,0.547107,0.565684,0.557804,0.553207,0.547186,0.545737,0.532133,0.525551,0.497643,0.469885,0.447219
0.768323,0.829159,0.813421,0.829055,0.812387,0.738978,0.719755,0.666121,0.620805,0.646387,0.631512,0.650331,0.662306,0.697331,0.626014,0.668871,0.636817,0.627087,0.535644,0.593494,0.596345,0.583448,0.566019,0.540548,0.535931,0.539903,0.561605,0.564178,0.550793,0.551144,0.568574,0.561516,0.556055,0.550109,0.548781,0.534960,0.528572,0.501656,0.475815,0.457564
0.764379,0.827954,0.814903,0.832149,0.816087,0.742859,0.723697,0.671140,0.625533,0.651473,0.636982,0.656133,0.667463,0.703113,0.631306,0.674155,0.642299,0.633401,0.542924,0.602866,0.606450,0.593923,0.576276,0.550934,0.547331,0.551711,0.573403,0.575981,0.562456,0.562928,0.579620,0.572799,0.567147,0.561336,0.560216,0.546540,0.540074,0.513637,0.488422,0.469433
0.762971,0.827835,0.813942,0.831445,0.816005,0.743155,0.724062,0.672075,0.626334,0.652566,0.637753,0.656873,0.668019,0.704087,0.631847,0.674503,0.642559,0.634059,0.543904,0.604389,0.608187,0.595690,0.578011,0.552725,0.549388,0.553808,0.575505,0.578057,0.564561,0.564902,0.581612,0.574927,0.569244,0.563444,0.562411,0.548647,0.542256,0.515790,0.490350,0.470414
0.750419,0.814827,0.803454,0.821229,0.809858,0.738910,0.719974,0.668608,0.623070,0.648881,0.632829,0.651876,0.663094,0.699479,0.627387,0.669794,0.637782,0.630525,0.541190,0.602278,0.606468,0.593734,0.576427,0.551188,0.548548,0.553151,0.574048,0.576382,0.562662,0.563349,0.580139,0.573343,0.567480,0.561703,0.560845,0.547028,0.540453,0.514460,0.490123,0.469576
0.752658,0.816711,0.804092,0.821884,0.810326,0.738880,0.720150,0.668740,0.622995,0.648936,0.632156,0.651441,0.662528,0.699256,0.626740,0.669478,0.637150,0.629910,0.540292,0.601722,0.606046,0.593119,0.575633,0.550304,0.547662,0.552258,0.573179,0.575500,0.561826,0.562669,0.579562,0.572914,0.567066,0.561197,0.560342,0.546404,0.539750,0.513722,0.489063,0.469002
0.749202,0.813156,0.800923,0.819437,0.808782,0.738004,0.719634,0.668162,0.622496,0.648296,0.631346,0.650596,0.661946,0.698444,0.626134,0.669101,0.636766,0.629440,0.539797,0.600933,0.605060,0.592205,0.575034,0.549663,0.547037,0.551571,0.572078,0.574361,0.560826,0.561751,0.578825,0.572116,0.566353,0.560481,0.559608,0.545660,0.538782,0.512659,0.487441,0.466657
0.748440,0.813372,0.800924,0.819333,0.808978,0.738510,0.720456,0.668922,0.623367,0.649076,0.632114,0.651085,0.662901,0.698927,0.626302,0.669414,0.637260,0.629630,0.539477,0.600397,0.604589,0.592247,0.575159,0.549677,0.547058,0.551431,0.571764,0.574042,0.560650,0.561497,0.578760,0.572020,0.566453,0.560601,0.559739,0.545783,0.538755,0.512481,0.486360,0.464981
0.750715,0.816841,0.805032,0.823554,0.813326,0.743247,0.725349,0.674245,0.628428,0.654281,0.637228,0.656045,0.667900,0.704086,0.631051,0.674278,0.641855,0.634443,0.544360,0.605858,0.610228,0.598118,0.580953,0.555583,0.553277,0.557919,0.578438,0.580662,0.567235,0.568073,0.585097,0.578356,0.572723,0.566990,0.566259,0.552267,0.545127,0.518989,0.493189,0.471828
0.752192,0.820944,0.806613,0.824666,0.813684,0.744194,0.727310,0.677806,0.631941,0.658041,0.641028,0.659639,0.671366,0.708180,0.634917,0.677729,0.645348,0.637749,0.547886,0.608830,0.612924,0.600869,0.583240,0.558209,0.555270,0.559844,0.580850,0.582807,0.569524,0.569653,0.586427,0.579862,0.574338,0.568267,0.567477,0.553234,0.546240,0.519871,0.493066,0.470811
0.766205,0.834598,0.817282,0.835217,0.823874,0.754010,0.736825,0.686904,0.640237,0.666172,0.647060,0.666134,0.677607,0.714562,0.640336,0.683761,0.650562,0.642583,0.551373,0.612405,0.616556,0.604159,0.586004,0.560544,0.557311,0.561429,0.582734,0.584827,0.571358,0.571815,0.588579,0.581867,0.576092,0.570041,0.569187,0.554700,0.547354,0.521307,0.494476,0.474503
0.779052,0.847603,0.826566,0.843038,0.827492,0.755737,0.738459,0.687271,0.641049,0.667457,0.649602,0.668319,0.679956,0.716049,0.642136,0.685350,0.653041,0.643673,0.550684,0.610842,0.615268,0.603353,0.584449,0.558647,0.554571,0.557995,0.580284,0.582820,0.569469,0.569654,0.586409,0.579563,0.573813,0.567734,0.566721,0.552473,0.545813,0.519238,0.491899,0.473688
0.781173,0.849322,0.827602,0.843697,0.828130,0.756282,0.739001,0.687769,0.641647,0.668077,0.650188,0.668767,0.680484,0.716563,0.642782,0.686042,0.653968,0.644488,0.551420,0.611300,0.615705,0.603730,0.584736,0.558823,0.554636,0.557907,0.580319,0.582887,0.569570,0.569781,0.586591,0.579712,0.574003,0.567965,0.566898,0.552718,0.545966,0.519324,0.491603,0.473100
0.775473,0.844018,0.823227,0.839737,0.825389,0.754575,0.737392,0.686179,0.640509,0.666832,0.649065,0.667368,0.679115,0.714768,0.641395,0.684730,0.653269,0.643909,0.551325,0.610913,0.615251,0.603653,0.585029,0.559074,0.555185,0.558353,0.580304,0.582861,0.569666,0.569861,0.586708,0.579607,0.573946,0.568005,0.566873,0.552872,0.545879,0.519325,0.491172,0.471593
0.781767,0.849886,0.827670,0.843837,0.828432,0.757116,0.739665,0.688071,0.642386,0.668850,0.651047,0.669575,0.681103,0.716793,0.643490,0.686682,0.655117,0.645582,0.552716,0.612107,0.616560,0.604729,0.585845,0.559674,0.555678,0.558641,0.581007,0.583646,0.570240,0.570577,0.587358,0.580433,0.574600,0.568654,0.567547,0.553593,0.546644,0.520089,0.492348,0.473884
0.782253,0.849828,0.827003,0.843070,0.827867,0.756920,0.739464,0.687488,0.642123,0.668544,0.650826,0.668965,0.680689,0.715941,0.642937,0.686076,0.654875,0.645121,0.551878,0.610675,0.615026,0.603313,0.584476,0.558251,0.553990,0.556691,0.579145,0.581846,0.568490,0.568872,0.585966,0.578871,0.573181,0.567249,0.566068,0.552209,0.545326,0.518468,0.490092,0.471174
0.786538,0.853266,0.828143,0.843154,0.825760,0.753828,0.736226,0.683494,0.638194,0.664859,0.647636,0.665411,0.677351,0.712055,0.638900,0.682101,0.651281,0.640749,0.546380,0.604409,0.608596,0.597156,0.578087,0.551803,0.546814,0.549115,0.572162,0.575098,0.561884,0.561881,0.579366,0.572155,0.566658,0.560594,0.559295,0.545437,0.539055,0.511604,0.482203,0.463472
0.783457,0.849114,0.823657,0.838659,0.821331,0.749382,0.732239,0.679793,0.634751,0.661686,0.644971,0.662260,0.674639,0.709271,0.636315,0.679579,0.649246,0.638526,0.543896,0.601530,0.605730,0.594605,0.575684,0.549293,0.544178,0.546432,0.569395,0.572373,0.559268,0.558988,0.576756,0.569446,0.564142,0.557968,0.556542,0.542581,0.536328,0.508404,0.478384,0.459043
0.781872,0.847519,0.822434,0.837212,0.819670,0.747355,0.730196,0.677233,0.632294,0.659326,0.642599,0.659808,0.672749,0.707011,0.634369,0.677834,0.647412,0.636475,0.541380,0.598265,0.602627,0.591480,0.572545,0.545728,0.540635,0.542896,0.565556,0.568395,0.555110,0.554910,0.572491,0.565283,0.559771,0.553493,0.551941,0.537908,0.531291,0.503456,0.473286,0.455287
0.780976,0.847304,0.821966,0.836780,0.819080,0.747041,0.730017,0.676674,0.631936,0.658971,0.642170,0.659585,0.672372,0.706297,0.634197,0.677346,0.646939,0.636055,0.541233,0.597847,0.602645,0.591341,0.572347,0.545413,0.540488,0.542668,0.565358,0.568157,0.554607,0.554718,0.571847,0.564706,0.558888,0.552697,0.551273,0.537376,0.530696,0.503267,0.473768,0.457838
0.783798,0.849714,0.824245,0.839305,0.821346,0.750901,0.734580,0.682290,0.638885,0.665445,0.649679,0.667299,0.679498,0.712213,0.642901,0.684761,0.655546,0.644215,0.551341,0.606748,0.611782,0.600357,0.581354,0.554878,0.549926,0.551690,0.574390,0.577290,0.563646,0.564025,0.580136,0.573006,0.567215,0.561498,0.560362,0.547274,0.540802,0.514261,0.487085,0.472367
0.775524,0.843343,0.819652,0.836487,0.820360,0.751643,0.736389,0.685844,0.643268,0.669511,0.654246,0.671871,0.683661,0.716217,0.648368,0.689251,0.660660,0.649908,0.559503,0.615069,0.620490,0.609382,0.590709,0.564472,0.560465,0.562430,0.584402,0.587148,0.573382,0.574012,0.589250,0.582190,0.576172,0.570737,0.569741,0.556965,0.550360,0.524593,0.499767,0.485304
0.771141,0.839260,0.816211,0.833960,0.818698,0.751064,0.736303,0.686771,0.644816,0.670737,0.655176,0.673157,0.684468,0.717037,0.650389,0.690456,0.661981,0.651630,0.563108,0.618644,0.624463,0.613208,0.594569,0.568499,0.564875,0.566748,0.588491,0.591140,0.577253,0.578455,0.592953,0.585941,0.579665,0.574529,0.573647,0.561078,0.554201,0.529207,0.505728,0.492155
0.764329,0.833108,0.811380,0.829947,0.814668,0.748070,0.734031,0.685789,0.644706,0.670572,0.655714,0.673356,0.684082,0.716107,0.650812,0.689793,0.662259,0.651975,0.565002,0.620032,0.626089,0.615223,0.596685,0.571202,0.567838,0.569761,0.591387,0.594173,0.580371,0.581578,0.595578,0.588559,0.582454,0.577522,0.576848,0.564727,0.558260,0.533546,0.511198,0.497610
0.763380,0.832087,0.810846,0.829587,0.814903,0.748786,0.734884,0.687097,0.646118,0.671668,0.656661,0.674464,0.685074,0.716860,0.652318,0.691144,0.663745,0.653601,0.567626,0.622372,0.628687,0.617708,0.599377,0.573899,0.570770,0.572686,0.594111,0.596861,0.582896,0.584377,0.598039,0.591162,0.584993,0.580187,0.579614,0.567631,0.560753,0.536599,0.515008,0.502025
0.763508,0.833114,0.812185,0.831245,0.817100,0.751353,0.736892,0.689207,0.648093,0.673492,0.658142,0.676739,0.686763,0.718635,0.653877,0.692579,0.664870,0.655346,0.570196,0.625803,0.632170,0.620908,0.602683,0.577414,0.574713,0.577036,0.598472,0.601207,0.587048,0.588830,0.602153,0.595437,0.589076,0.584442,0.584174,0.572374,0.565221,0.541755,0.521720,0.509455
0.747056,0.815464,0.797109,0.817109,0.804576,0.740327,0.726447,0.679967,0.639914,0.664754,0.649554,0.668098,0.677553,0.709101,0.646563,0.684384,0.657654,0.648838,0.566587,0.621523,0.628132,0.616602,0.598887,0.574201,0.572155,0.574465,0.595287,0.597974,0.583693,0.586096,0.598957,0.592405,0.586244,0.581752,0.581682,0.570478,0.562787,0.540006,0.520928,0.508460
0.743293,0.810721,0.792894,0.813543,0.802686,0.739028,0.725520,0.679483,0.639376,0.664234,0.649146,0.667153,0.677283,0.709140,0.646611,0.684708,0.658279,0.649414,0.566704,0.621583,0.628034,0.616511,0.599197,0.574730,0.572337,0.574776,0.595385,0.598172,0.584036,0.585981,0.599417,0.592513,0.586652,0.581940,0.581797,0.570331,0.562782,0.539347,0.519449,0.505191
0.743403,0.811921,0.794238,0.816975,0.808709,0.749426,0.737142,0.693131,0.654188,0.678456,0.663876,0.680734,0.691163,0.721930,0.661831,0.699016,0.673480,0.663998,0.582436,0.634717,0.639998,0.628697,0.611996,0.588443,0.585200,0.587229,0.607092,0.609814,0.595957,0.597122,0.610443,0.603271,0.597847,0.593169,0.593046,0.582020,0.575335,0.551861,0.532223,0.514806
0.735521,0.808943,0.793501,0.823683,0.824474,0.780499,0.772110,0.734200,0.700810,0.722197,0.710259,0.723328,0.732988,0.758127,0.707144,0.739587,0.718536,0.707577,0.631900,0.674069,0.675439,0.664241,0.648752,0.628436,0.622603,0.622822,0.640021,0.642364,0.628749,0.627901,0.640472,0.632591,0.628473,0.623896,0.623938,0.615351,0.611696,0.588782,0.569657,0.542050
0.729100,0.802518,0.788672,0.820596,0.824299,0.782658,0.774842,0.738346,0.705677,0.726178,0.713579,0.726566,0.735899,0.761020,0.711671,0.743367,0.722597,0.712155,0.638810,0.679677,0.680762,0.668890,0.653946,0.634022,0.628331,0.628695,0.645169,0.647261,0.633351,0.632648,0.644838,0.637037,0.632951,0.628383,0.628550,0.620183,0.616240,0.594067,0.575840,0.547680
0.720153,0.791742,0.778592,0.810887,0.817075,0.776926,0.769033,0.732914,0.701450,0.721514,0.710037,0.722677,0.732467,0.757229,0.708355,0.740161,0.719772,0.709834,0.636479,0.676934,0.677620,0.666014,0.651301,0.631646,0.625827,0.626262,0.642608,0.644773,0.630891,0.630247,0.643004,0.635013,0.631236,0.626615,0.626755,0.618296,0.614576,0.591970,0.572842,0.543142
0.715767,0.787889,0.775634,0.808563,0.815733,0.776705,0.769203,0.733675,0.702005,0.721879,0.709959,0.722381,0.732145,0.756985,0.708144,0.739830,0.719484,0.709570,0.636652,0.676873,0.677611,0.666027,0.651521,0.632016,0.626246,0.626746,0.642622,0.644778,0.631010,0.630215,0.642853,0.634982,0.631175,0.626523,0.626657,0.618178,0.614575,0.592126,0.573032,0.542669
0.702565,0.774896,0.764742,0.798787,0.808168,0.770838,0.763844,0.729280,0.698104,0.717522,0.705421,0.717420,0.727243,0.752221,0.703960,0.735129,0.715024,0.705622,0.634107,0.674086,0.674885,0.663487,0.649450,0.630337,0.624793,0.625569,0.640765,0.642745,0.629025,0.628120,0.640633,0.632858,0.629009,0.624421,0.624593,0.616104,0.612397,0.590522,0.571442,0.539956
0.692078,0.765188,0.756517,0.791101,0.801936,0.766878,0.760694,0.727666,0.697724,0.716954,0.706774,0.718076,0.728139,0.752788,0.705860,0.736562,0.717826,0.708745,0.639062,0.678562,0.679158,0.668271,0.654705,0.636158,0.630664,0.631457,0.646154,0.648141,0.634744,0.633156,0.645572,0.637813,0.634210,0.629706,0.629898,0.621728,0.618608,0.596699,0.577151,0.542665
0.687380,0.759784,0.751049,0.784985,0.795555,0.759837,0.754011,0.721442,0.692060,0.711457,0.701898,0.712528,0.723260,0.748092,0.701377,0.732043,0.714001,0.704529,0.634469,0.673848,0.674458,0.663948,0.650334,0.631935,0.626145,0.626939,0.641625,0.643749,0.630692,0.628624,0.641348,0.633489,0.630193,0.625491,0.625549,0.617298,0.614615,0.591721,0.571545,0.535884
0.693837,0.764621,0.754390,0.787903,0.798527,0.762322,0.755927,0.723310,0.693620,0.712882,0.702312,0.713751,0.724429,0.750195,0.703462,0.734276,0.715300,0.706152,0.636359,0.675794,0.676584,0.665268,0.651490,0.632936,0.627133,0.628002,0.643125,0.645184,0.631875,0.630146,0.642854,0.635249,0.631633,0.626891,0.627017,0.618557,0.615460,0.592887,0.573170,0.538845
0.688850,0.758954,0.748731,0.784342,0.798597,0.767448,0.762559,0.731819,0.704470,0.722581,0.712472,0.722494,0.733539,0.757116,0.713700,0.743176,0.725376,0.715822,0.647308,0.682743,0.681937,0.670780,0.657517,0.639996,0.633103,0.633257,0.647642,0.649649,0.636378,0.634220,0.647153,0.639169,0.636183,0.631373,0.631410,0.623756,0.621390,0.598466,0.578405,0.541001
0.677833,0.749138,0.741011,0.778817,0.796477,0.768980,0.765115,0.735586,0.709893,0.727309,0.718243,0.727134,0.738213,0.760574,0.718863,0.747288,0.730565,0.721233,0.654113,0.687400,0.685688,0.674765,0.661973,0.644973,0.637760,0.637671,0.651099,0.652955,0.639688,0.637205,0.650245,0.642074,0.639401,0.634742,0.634782,0.627667,0.625976,0.603178,0.582647,0.541726
0.666692,0.737439,0.730465,0.769009,0.788438,0.763100,0.759742,0.731106,0.706723,0.723551,0.715173,0.723359,0.734734,0.756333,0.716179,0.743957,0.727840,0.718572,0.652632,0.684371,0.682144,0.671535,0.659212,0.642703,0.635292,0.635057,0.647813,0.649609,0.636629,0.633923,0.646937,0.638668,0.636114,0.631469,0.631492,0.624650,0.623189,0.600442,0.579945,0.537451
0.656950,0.727660,0.721740,0.761263,0.782586,0.758743,0.755578,0.727533,0.703355,0.719797,0.710822,0.718694,0.729958,0.751396,0.711652,0.739274,0.723203,0.714516,0.649101,0.680343,0.677987,0.667447,0.655441,0.639251,0.631868,0.631702,0.643857,0.645523,0.632541,0.629727,0.642956,0.634797,0.632405,0.627649,0.627706,0.620835,0.619482,0.596830,0.575879,0.532123
0.642706,0.712087,0.706662,0.746075,0.768304,0.745109,0.742362,0.714928,0.691494,0.707724,0.699310,0.706397,0.718067,0.739069,0.700375,0.727464,0.712039,0.703387,0.638352,0.668986,0.666469,0.656213,0.644469,0.628629,0.621171,0.621032,0.632685,0.634297,0.621664,0.618637,0.632093,0.623934,0.621901,0.617077,0.617043,0.610326,0.609214,0.585994,0.564952,0.520335
0.642911,0.711377,0.705140,0.743468,0.764747,0.739285,0.735709,0.706746,0.682384,0.699022,0.690164,0.697491,0.709468,0.731162,0.690693,0.718570,0.702238,0.693552,0.626480,0.658245,0.655941,0.645553,0.633527,0.617093,0.609657,0.609681,0.621767,0.623406,0.610742,0.607969,0.621999,0.613888,0.611825,0.606842,0.606681,0.599426,0.597950,0.574115,0.552186,0.509029
0.638389,0.706527,0.701054,0.738743,0.759009,0.732725,0.728950,0.700279,0.675580,0.692667,0.684320,0.691776,0.703504,0.725826,0.684758,0.712730,0.695948,0.687589,0.620752,0.653633,0.651678,0.641570,0.629417,0.613038,0.605896,0.606123,0.618393,0.620011,0.607436,0.604650,0.618399,0.610389,0.608102,0.603256,0.603201,0.595726,0.594257,0.570689,0.549352,0.507150
0.653387,0.722742,0.714889,0.751122,0.767735,0.738670,0.733876,0.703687,0.677375,0.695406,0.686610,0.695015,0.706070,0.729481,0.685982,0.715053,0.696797,0.688608,0.620155,0.655453,0.654250,0.643976,0.631145,0.614183,0.607132,0.607649,0.621148,0.622798,0.610076,0.607739,0.621422,0.613658,0.610831,0.606072,0.606195,0.598189,0.596192,0.572709,0.551514,0.511398
0.639037,0.707234,0.700158,0.736968,0.755450,0.728085,0.723360,0.694066,0.667881,0.685362,0.675483,0.683667,0.694520,0.718034,0.675789,0.704436,0.685528,0.677917,0.610915,0.645223,0.643773,0.633156,0.620656,0.603967,0.597073,0.597606,0.610593,0.612031,0.599337,0.597170,0.610483,0.602796,0.599742,0.594907,0.594984,0.586874,0.584609,0.561852,0.541488,0.502176
0.641367,0.708540,0.701095,0.737098,0.754712,0.726057,0.721168,0.691101,0.664500,0.682300,0.672398,0.680731,0.692030,0.715832,0.673136,0.702377,0.683331,0.675763,0.608101,0.642839,0.641635,0.631076,0.618508,0.601381,0.594507,0.595026,0.608107,0.609563,0.596898,0.594810,0.608345,0.600545,0.597460,0.592589,0.592502,0.584170,0.581633,0.558517,0.537674,0.498498
0.637794,0.704636,0.697168,0.733865,0.752487,0.726102,0.722109,0.693399,0.667633,0.685228,0.675603,0.683399,0.694486,0.717752,0.676606,0.705250,0.686918,0.679310,0.613003,0.646246,0.644512,0.633881,0.621484,0.604920,0.597731,0.597991,0.610811,0.612215,0.599602,0.597140,0.610559,0.602724,0.599806,0.594797,0.594744,0.586685,0.584279,0.561172,0.540238,0.500069
0.636619,0.704379,0.696674,0.733734,0.752997,0.728107,0.724030,0.695755,0.669543,0.686795,0.675842,0.683870,0.694445,0.717658,0.676603,0.705257,0.686239,0.678784,0.613433,0.646058,0.644113,0.633015,0.620636,0.604246,0.597049,0.597276,0.609880,0.611103,0.598310,0.596037,0.609066,0.601531,0.598435,0.593392,0.593422,0.585294,0.582808,0.560421,0.539415,0.499639
0.647008,0.713635,0.705612,0.742370,0.761544,0.734111,0.729192,0.699887,0.671409,0.689075,0.675606,0.684753,0.695272,0.720297,0.676297,0.706597,0.685219,0.678300,0.611430,0.646465,0.645036,0.633354,0.620575,0.603233,0.596718,0.597416,0.610310,0.611299,0.598237,0.596819,0.610080,0.602651,0.599064,0.593817,0.593757,0.584694,0.580753,0.558700,0.537511,0.500599
0.643621,0.709243,0.700916,0.737312,0.756568,0.729221,0.723951,0.694751,0.666143,0.683713,0.669816,0.679382,0.689744,0.715144,0.671713,0.701968,0.680771,0.674291,0.608675,0.643455,0.642256,0.630282,0.617543,0.600313,0.593898,0.594658,0.607584,0.608578,0.595450,0.594218,0.607126,0.599866,0.596080,0.590659,0.590622,0.581478,0.577143,0.555339,0.534017,0.498358
0.635346,0.699989,0.691934,0.728687,0.748920,0.723989,0.718940,0.690871,0.663211,0.680206,0.666554,0.675838,0.685639,0.710454,0.668821,0.698147,0.677745,0.671624,0.608263,0.641533,0.640060,0.627943,0.615496,0.598907,0.592307,0.592938,0.605687,0.606646,0.593492,0.592263,0.604846,0.597696,0.593899,0.588529,0.588605,0.579832,0.575688,0.554411,0.533369,0.496936
0.623660,0.687878,0.680861,0.719067,0.743233,0.723260,0.718918,0.692537,0.666197,0.682203,0.668760,0.677324,0.686941,0.710471,0.671433,0.700035,0.681000,0.675396,0.614327,0.645234,0.643010,0.630864,0.619074,0.603101,0.596179,0.596486,0.608252,0.609069,0.595829,0.594377,0.606781,0.599337,0.595678,0.590236,0.590418,0.582097,0.578116,0.557440,0.536406,0.498096
0.621995,0.686983,0.679957,0.719964,0.747179,0.731625,0.728169,0.704024,0.677541,0.692732,0.677584,0.686160,0.695079,0.718751,0.681246,0.709046,0.690051,0.685208,0.627414,0.656585,0.653824,0.640985,0.629662,0.614152,0.607200,0.607355,0.618208,0.618580,0.605116,0.603493,0.615117,0.607837,0.603782,0.598120,0.598384,0.590083,0.585773,0.566063,0.545832,0.506639
0.609342,0.673743,0.667300,0.707900,0.736875,0.723854,0.720441,0.697394,0.670759,0.685162,0.668778,0.677625,0.685956,0.709760,0.673111,0.700346,0.681250,0.677219,0.622119,0.650428,0.647566,0.634325,0.623461,0.608387,0.601597,0.601862,0.612085,0.612240,0.598733,0.597289,0.608426,0.601329,0.597057,0.591352,0.591652,0.583260,0.578819,0.560029,0.539805,0.500934
0.586569,0.650601,0.645556,0.687211,0.718703,0.710274,0.707684,0.687060,0.661905,0.674726,0.657730,0.666160,0.673821,0.696651,0.662508,0.688102,0.670035,0.666879,0.616338,0.642528,0.639164,0.626026,0.615975,0.601841,0.595161,0.595392,0.604517,0.604372,0.591183,0.589556,0.599887,0.592941,0.588519,0.582988,0.583251,0.575246,0.570788,0.553454,0.533837,0.494575
0.569523,0.631919,0.628473,0.668799,0.699798,0.690954,0.687623,0.667087,0.641383,0.653795,0.636249,0.645503,0.652726,0.676190,0.642018,0.667440,0.649506,0.647325,0.599280,0.626258,0.623652,0.610458,0.601164,0.586984,0.581311,0.582066,0.590714,0.590504,0.577504,0.576274,0.586127,0.579482,0.575029,0.569628,0.569949,0.561766,0.556412,0.540053,0.520542,0.482870
0.549228,0.609610,0.607079,0.645573,0.675693,0.667031,0.663096,0.643000,0.617450,0.629295,0.611682,0.621347,0.627990,0.651614,0.618435,0.643116,0.625933,0.624785,0.580051,0.606764,0.604739,0.591578,0.582874,0.568762,0.563769,0.564762,0.573085,0.572806,0.559979,0.558988,0.568236,0.562019,0.557431,0.552232,0.552470,0.544355,0.538667,0.523286,0.503997,0.467356
0.531290,0.590538,0.589409,0.628090,0.659011,0.652093,0.648416,0.629138,0.603715,0.614974,0.596827,0.606336,0.612337,0.635478,0.602807,0.626870,0.609960,0.609465,0.566731,0.592979,0.590990,0.577990,0.569931,0.556079,0.551592,0.552724,0.560321,0.559920,0.547241,0.546571,0.555457,0.549458,0.544958,0.539912,0.540155,0.532111,0.526127,0.511572,0.492326,0.456061
0.510807,0.567721,0.567579,0.604865,0.633746,0.626603,0.622831,0.603868,0.579170,0.590205,0.573249,0.582797,0.588683,0.611226,0.579761,0.603050,0.587289,0.586939,0.546271,0.571615,0.569815,0.557424,0.550001,0.536473,0.532335,0.533530,0.540729,0.540455,0.528416,0.527507,0.536125,0.530402,0.526148,0.521281,0.521318,0.513608,0.507667,0.493553,0.474028,0.438104
0.482414,0.536626,0.537984,0.574374,0.602010,0.596601,0.593559,0.576292,0.553465,0.563883,0.548465,0.557453,0.562905,0.584349,0.555794,0.577210,0.563356,0.563137,0.526774,0.549857,0.548008,0.536303,0.529752,0.517267,0.513549,0.514710,0.521092,0.520891,0.509697,0.508598,0.516561,0.511185,0.507415,0.502873,0.502793,0.495802,0.490046,0.476637,0.457098,0.420626
0.456030,0.507815,0.510072,0.544805,0.571183,0.566128,0.563222,0.546887,0.525225,0.535167,0.520624,0.529414,0.534879,0.555750,0.528854,0.549247,0.536757,0.536920,0.503445,0.525737,0.524173,0.512971,0.507095,0.495220,0.491960,0.493243,0.499121,0.498985,0.488458,0.487347,0.495068,0.489990,0.486619,0.482242,0.482075,0.475462,0.469672,0.456725,0.437182,0.401078
0.440037,0.490679,0.493655,0.527062,0.551909,0.546913,0.544179,0.528582,0.507621,0.517376,0.503972,0.512524,0.517758,0.538141,0.512068,0.531792,0.520060,0.520375,0.488488,0.510374,0.508968,0.498190,0.492591,0.481176,0.478132,0.479494,0.485205,0.485102,0.474987,0.473706,0.481031,0.476137,0.472914,0.468660,0.468528,0.462159,0.456640,0.444040,0.424957,0.389440
0.425302,0.474521,0.477803,0.509475,0.533037,0.527680,0.524776,0.509383,0.488836,0.498360,0.485965,0.494539,0.499824,0.519827,0.494592,0.513795,0.502933,0.503332,0.472906,0.494475,0.493323,0.482805,0.477603,0.466405,0.463584,0.465032,0.470658,0.470660,0.460828,0.459518,0.466630,0.461844,0.458744,0.454586,0.454451,0.448237,0.442751,0.430349,0.411412,0.376607
0.400075,0.447686,0.451533,0.481879,0.504570,0.500751,0.498081,0.484392,0.465080,0.473504,0.461280,0.470038,0.474563,0.493717,0.471103,0.488473,0.478738,0.479644,0.453623,0.472987,0.471994,0.461446,0.456861,0.446502,0.443991,0.445516,0.450553,0.450448,0.440956,0.439757,0.445951,0.441695,0.438618,0.434742,0.434625,0.428925,0.423404,0.412381,0.394771,0.361742
0.393391,0.440611,0.444611,0.474769,0.497659,0.494246,0.491553,0.478457,0.459468,0.467507,0.454998,0.463968,0.468271,0.487454,0.465750,0.482531,0.473077,0.474370,0.450207,0.469001,0.468189,0.457430,0.453131,0.442922,0.440684,0.442309,0.447144,0.446965,0.437449,0.436372,0.442217,0.438061,0.434859,0.431084,0.430965,0.425364,0.419558,0.409151,0.392282,0.359891
0.381278,0.427547,0.432156,0.462000,0.485263,0.482926,0.480357,0.467826,0.449279,0.456912,0.444675,0.453608,0.457726,0.476470,0.455731,0.472096,0.463328,0.464997,0.442471,0.460641,0.459846,0.449270,0.445444,0.435511,0.433475,0.435210,0.439615,0.439449,0.430095,0.429042,0.434723,0.430611,0.427551,0.423873,0.423732,0.418319,0.412408,0.402405,0.385623,0.353255
0.357006,0.401247,0.406064,0.433967,0.455332,0.453402,0.450929,0.439690,0.422493,0.429453,0.418333,0.427231,0.430868,0.448792,0.430102,0.445104,0.437418,0.439327,0.420293,0.437146,0.436602,0.426365,0.423007,0.413734,0.412095,0.413897,0.418053,0.417913,0.408998,0.408053,0.412928,0.409228,0.406225,0.402838,0.402721,0.397776,0.391861,0.382916,0.367306,0.336688
0.333566,0.376581,0.382426,0.409093,0.429873,0.429160,0.426892,0.417038,0.401156,0.407304,0.397117,0.405780,0.408904,0.425854,0.409187,0.422871,0.416330,0.418708,0.402945,0.418529,0.418191,0.408402,0.405603,0.397025,0.395868,0.397750,0.401448,0.401355,0.392754,0.391870,0.395965,0.392530,0.389618,0.386562,0.386501,0.382038,0.376130,0.368247,0.354122,0.324564
0.321770,0.363648,0.369515,0.395002,0.414883,0.413686,0.411236,0.401829,0.386296,0.392278,0.382593,0.391386,0.394223,0.411003,0.394868,0.407990,0.401768,0.404397,0.390122,0.405741,0.405722,0.396063,0.393453,0.385086,0.384283,0.386292,0.390010,0.389919,0.381448,0.380794,0.384571,0.381411,0.378559,0.375652,0.375693,0.371378,0.365345,0.357950,0.344879,0.316606
0.304001,0.344130,0.350325,0.374403,0.392836,0.391419,0.389028,0.380435,0.365745,0.371430,0.362580,0.371181,0.373785,0.390071,0.375138,0.387371,0.381849,0.384473,0.372042,0.386883,0.387085,0.377777,0.375424,0.367510,0.366993,0.369059,0.372627,0.372617,0.364476,0.363904,0.367264,0.364358,0.361637,0.358928,0.358972,0.354950,0.348929,0.342046,0.329776,0.302807
0.279999,0.317712,0.324165,0.346102,0.362881,0.361217,0.358739,0.350918,0.337174,0.342362,0.334058,0.342429,0.344711,0.360459,0.346998,0.358040,0.353160,0.355993,0.345821,0.359519,0.360063,0.351157,0.349027,0.341620,0.341426,0.343510,0.346856,0.346878,0.339152,0.338755,0.341599,0.338951,0.336202,0.333780,0.333786,0.330014,0.324058,0.318037,0.307033,0.282479
0.265162,0.301222,0.307355,0.327277,0.342408,0.339759,0.336782,0.329192,0.315586,0.320640,0.312542,0.320963,0.322922,0.338764,0.325487,0.336117,0.331152,0.334353,0.325360,0.339417,0.340467,0.331728,0.329579,0.322341,0.322552,0.324773,0.328305,0.328315,0.320749,0.320646,0.323074,0.320737,0.317785,0.315526,0.315583,0.311788,0.305734,0.300348,0.290427,0.268286
0.231230,0.263656,0.269072,0.285209,0.297419,0.293649,0.290202,0.283658,0.271110,0.275584,0.268274,0.276456,0.278026,0.293383,0.281453,0.290763,0.286056,0.289503,0.283106,0.296571,0.298279,0.289988,0.287951,0.281460,0.282164,0.284475,0.288201,0.288195,0.281094,0.281251,0.282941,0.281206,0.278112,0.276172,0.276329,0.272692,0.266845,0.262734,0.254905,0.236818
0.192012,0.220481,0.225567,0.238190,0.247954,0.244308,0.240799,0.235893,0.224896,0.228378,0.221857,0.229585,0.230597,0.244832,0.235075,0.242630,0.238751,0.242583,0.239814,0.251763,0.253960,0.246222,0.244509,0.238969,0.240025,0.242401,0.245906,0.245855,0.239359,0.239656,0.240455,0.239299,0.236239,0.234663,0.234871,0.231590,0.226029,0.223331,0.217445,0.203152
0.163597,0.189007,0.194520,0.205884,0.215155,0.212292,0.209179,0.205165,0.195689,0.198398,0.192822,0.199711,0.200604,0.213386,0.205365,0.211764,0.208937,0.212728,0.211811,0.222575,0.224847,0.217909,0.216609,0.211755,0.213003,0.215352,0.218217,0.218138,0.212218,0.212554,0.212934,0.211913,0.209032,0.207661,0.207863,0.204942,0.199812,0.197831,0.192940,0.180040
0.165218,0.192682,0.198352,0.208969,0.216539,0.213274,0.210111,0.205759,0.196299,0.198856,0.193615,0.200714,0.201313,0.213578,0.206150,0.212300,0.209871,0.213690,0.213804,0.224318,0.227164,0.220413,0.219285,0.214425,0.215667,0.218053,0.221168,0.221035,0.215243,0.215813,0.215631,0.214752,0.211818,0.210839,0.211078,0.208305,0.203155,0.202173,0.196829,0.184789
